Current OBJ Matrix: 0.933179 0.010149 0.359203 0.000000 
Current OBJ Matrix: -0.358281 0.103229 0.927864 0.000000 
Current OBJ Matrix: -0.027664 -0.994584 0.099970 0.000000 
Current OBJ Matrix: 0.000000 0.000000 0.000000 1.000000 
Current Env Matrix: 1.000000 0.000000 0.000000 0.000000 
Current Env Matrix: 0.000000 1.000000 0.000000 0.000000 
Current Env Matrix: 0.000000 0.000000 1.000000 0.000000 
Current Env Matrix: 0.000000 0.000000 0.000000 1.000000 
Current Eye Matrix: 0.499754 0.623816 0.600903 0.000000 
Current Eye Matrix: -0.022418 0.702834 -0.710989 0.000000 
Current Eye Matrix: -0.865868 0.341850 0.365232 0.000000 
Current Eye Matrix: 0.000000 0.000000 0.000000 1.000000 
Current Light Matrix: 0.953197 0.296390 0.059425 0.000000 
Current Light Matrix: -0.296088 0.955037 -0.014021 0.000000 
Current Light Matrix: -0.060910 -0.004231 0.998116 0.000000 
Current Light Matrix: 0.000000 0.000000 0.000000 1.000000 
Object Scale: 1.999999
Index Ratio: 1.200000
Object Number: 8
Environment Number: 4
Current Misc Matrix: 1.000000 0.000000 0.000000 0.000000
Current Misc Matrix: 0.000000 1.000000 0.000000 0.000000
Current Misc Matrix: 0.000000 0.000000 1.000000 0.000000
Current Misc Matrix: 0.000000 0.000000 0.000000 1.000000
Current Misc Offset: 7.000000 1.400000 -8.000000
Current Zoom Factor: 1.050000
Current Displayed Objects: 0 1 1
Current Viewpoint: 0
