Current OBJ Matrix: 0.431044 0.196502 -0.880648 0.000000 
Current OBJ Matrix: 0.888044 0.080436 0.452614 0.000000 
Current OBJ Matrix: 0.159779 -0.977175 -0.139832 0.000000 
Current OBJ Matrix: 0.000000 0.000000 0.000000 1.000000 
Current Env Matrix: 1.000000 0.000000 0.000000 0.000000 
Current Env Matrix: 0.000000 1.000000 0.000000 0.000000 
Current Env Matrix: 0.000000 0.000000 1.000000 0.000000 
Current Env Matrix: 0.000000 0.000000 0.000000 1.000000 
Current Eye Matrix: -0.347103 -0.937045 -0.037527 0.000000 
Current Eye Matrix: 0.247379 -0.130084 0.960115 0.000000 
Current Eye Matrix: -0.904578 0.323985 0.276966 0.000000 
Current Eye Matrix: 0.000000 0.000000 0.000000 1.000000 
Current Light Matrix: 0.922342 0.373238 -0.099706 0.000000 
Current Light Matrix: -0.375742 0.926677 -0.006941 0.000000 
Current Light Matrix: 0.089806 0.043866 0.994974 0.000000 
Current Light Matrix: 0.000000 0.000000 0.000000 1.000000 
Object Scale: 4.599999
Index Ratio: 1.200000
Object Number: 9
Environment Number: 1
Current Misc Matrix: 1.000000 0.000000 0.000000 0.000000
Current Misc Matrix: 0.000000 1.000000 0.000000 0.000000
Current Misc Matrix: 0.000000 0.000000 1.000000 0.000000
Current Misc Matrix: 0.000000 0.000000 0.000000 1.000000
Current Misc Offset: -1.399998 -1.000000 -5.800002
Current Zoom Factor: 1.899999
Current Displayed Objects: 1 0 1
Current Viewpoint: 0
