Current OBJ Matrix: 0.616267 0.195404 -0.762879 0.000000 
Current OBJ Matrix: 0.337430 0.809752 0.479993 0.000000 
Current OBJ Matrix: 0.711553 -0.553236 0.433100 0.000000 
Current OBJ Matrix: 0.000000 0.000000 0.000000 1.000000 
Current Env Matrix: 1.000000 0.000000 0.000000 0.000000 
Current Env Matrix: 0.000000 1.000000 0.000000 0.000000 
Current Env Matrix: 0.000000 0.000000 1.000000 0.000000 
Current Env Matrix: 0.000000 0.000000 0.000000 1.000000 
Current Eye Matrix: 0.357179 0.716524 0.599167 0.000000 
Current Eye Matrix: -0.157780 0.678549 -0.717398 0.000000 
Current Eye Matrix: -0.920605 0.161702 0.355420 0.000000 
Current Eye Matrix: 0.000000 0.000000 0.000000 1.000000 
Current Light Matrix: 0.349192 -0.172362 0.921041 0.000000 
Current Light Matrix: 0.839019 0.495162 -0.225432 0.000000 
Current Light Matrix: -0.417217 0.851507 0.317528 0.000000 
Current Light Matrix: 0.000000 0.000000 0.000000 1.000000 
Object Scale: 2.799999
Index Ratio: 1.200000
Object Number: 9
Environment Number: 4
Current Misc Matrix: 1.000000 0.000000 0.000000 0.000000
Current Misc Matrix: 0.000000 1.000000 0.000000 0.000000
Current Misc Matrix: 0.000000 0.000000 1.000000 0.000000
Current Misc Matrix: 0.000000 0.000000 0.000000 1.000000
Current Misc Offset: 7.000000 1.400000 -8.000000
Current Zoom Factor: 1.050000
Current Displayed Objects: 0 0 1
Current Viewpoint: 0
