Current OBJ Matrix: 0.804629 0.070092 0.589581 0.000000 
Current OBJ Matrix: -0.593732 0.097235 0.798732 0.000000 
Current OBJ Matrix: -0.001344 -0.992764 0.119856 0.000000 
Current OBJ Matrix: 0.000000 0.000000 0.000000 1.000000 
Current Env Matrix: 1.000000 0.000000 0.000000 0.000000 
Current Env Matrix: 0.000000 1.000000 0.000000 0.000000 
Current Env Matrix: 0.000000 0.000000 1.000000 0.000000 
Current Env Matrix: 0.000000 0.000000 0.000000 1.000000 
Current Eye Matrix: 0.309658 0.244573 0.918832 0.000000 
Current Eye Matrix: -0.000440 0.966367 -0.257079 0.000000 
Current Eye Matrix: -0.950826 0.079203 0.299357 0.000000 
Current Eye Matrix: 0.000000 0.000000 0.000000 1.000000 
Current Light Matrix: 0.922342 0.373238 -0.099706 0.000000 
Current Light Matrix: -0.375742 0.926677 -0.006941 0.000000 
Current Light Matrix: 0.089806 0.043866 0.994974 0.000000 
Current Light Matrix: 0.000000 0.000000 0.000000 1.000000 
Object Scale: 2.799999
Index Ratio: 1.200000
Object Number: 5
Environment Number: 4
Current Misc Matrix: 1.000000 0.000000 0.000000 0.000000
Current Misc Matrix: 0.000000 1.000000 0.000000 0.000000
Current Misc Matrix: 0.000000 0.000000 1.000000 0.000000
Current Misc Matrix: 0.000000 0.000000 0.000000 1.000000
Current Misc Offset: 7.000000 1.400000 -8.000000
Current Zoom Factor: 1.050000
Current Displayed Objects: 0 1 1
Current Viewpoint: 0
