Current OBJ Matrix: -0.429465 0.004364 -0.903048 0.000000 
Current OBJ Matrix: 0.870376 -0.264585 -0.415204 0.000000 
Current OBJ Matrix: -0.240750 -0.964330 0.109835 0.000000 
Current OBJ Matrix: 0.000000 0.000000 0.000000 1.000000 
Current Env Matrix: 1.000000 0.000000 0.000000 0.000000 
Current Env Matrix: 0.000000 1.000000 0.000000 0.000000 
Current Env Matrix: 0.000000 0.000000 1.000000 0.000000 
Current Env Matrix: 0.000000 0.000000 0.000000 1.000000 
Current Eye Matrix: 0.591457 0.802408 0.079407 0.000000 
Current Eye Matrix: -0.456407 0.414340 -0.787400 0.000000 
Current Eye Matrix: -0.664723 0.429473 0.611295 0.000000 
Current Eye Matrix: 0.000000 0.000000 0.000000 1.000000 
Current Light Matrix: 0.922342 0.373238 -0.099706 0.000000 
Current Light Matrix: -0.375742 0.926677 -0.006941 0.000000 
Current Light Matrix: 0.089806 0.043866 0.994974 0.000000 
Current Light Matrix: 0.000000 0.000000 0.000000 1.000000 
Object Scale: 2.799999
Index Ratio: 1.200000
Object Number: 2
Environment Number: 4
Current Misc Matrix: 1.000000 0.000000 0.000000 0.000000
Current Misc Matrix: 0.000000 1.000000 0.000000 0.000000
Current Misc Matrix: 0.000000 0.000000 1.000000 0.000000
Current Misc Matrix: 0.000000 0.000000 0.000000 1.000000
Current Misc Offset: 7.000000 1.400000 -8.000000
Current Zoom Factor: 1.050000
Current Displayed Objects: 0 1 1
Current Viewpoint: 0
