Current OBJ Matrix: -0.655553 0.238440 0.716474 0.000000 
Current OBJ Matrix: -0.754902 -0.184900 -0.629183 0.000000 
Current OBJ Matrix: -0.017547 -0.953362 0.301218 0.000000 
Current OBJ Matrix: 0.000000 0.000000 0.000000 1.000000 
Current Env Matrix: -0.172817 -0.182045 -0.967981 0.000000 
Current Env Matrix: 0.011170 0.982341 -0.186741 0.000000 
Current Env Matrix: 0.984889 -0.043084 -0.167732 0.000000 
Current Env Matrix: 0.000000 0.000000 0.000000 1.000000 
Current Eye Matrix: 0.308895 0.950573 -0.030462 0.000000 
Current Eye Matrix: 0.325647 -0.135806 -0.935647 0.000000 
Current Eye Matrix: -0.893568 0.279109 -0.351513 0.000000 
Current Eye Matrix: 0.000000 0.000000 0.000000 1.000000 
Current Light Matrix: 0.314679 0.376127 -0.871476 0.000000 
Current Light Matrix: -0.932692 0.292899 -0.210369 0.000000 
Current Light Matrix: 0.176133 0.879034 0.442988 0.000000 
Current Light Matrix: 0.000000 0.000000 0.000000 1.000000 
Object Scale: 4.799999
Index Ratio: 1.200000
Object Number: 6
Environment Number: 6
Current Misc Matrix: 0.984925 0.031313 0.170123 0.000000
Current Misc Matrix: -0.015584 0.995543 -0.093013 0.000000
Current Misc Matrix: -0.172277 0.088959 0.981023 0.000000
Current Misc Matrix: 0.000000 0.000000 0.000000 1.000000
Current Misc Offset: -1.399998 -1.000000 -5.800002
Current Zoom Factor: 1.449999
Current Displayed Objects: 0 0 1
Current Viewpoint: 0
