Current OBJ Matrix: -0.485492 -0.220386 0.845965 0.000000 
Current OBJ Matrix: -0.276025 0.956809 0.090853 0.000000 
Current OBJ Matrix: -0.829480 -0.189405 -0.525376 0.000000 
Current OBJ Matrix: 0.000000 0.000000 0.000000 1.000000 
Current Env Matrix: 1.000000 0.000000 0.000000 0.000000 
Current Env Matrix: 0.000000 1.000000 0.000000 0.000000 
Current Env Matrix: 0.000000 0.000000 1.000000 0.000000 
Current Env Matrix: 0.000000 0.000000 0.000000 1.000000 
Current Eye Matrix: 0.630387 0.717237 0.296925 0.000000 
Current Eye Matrix: -0.597660 0.692525 -0.403965 0.000000 
Current Eye Matrix: -0.495372 0.077193 0.865234 0.000000 
Current Eye Matrix: 0.000000 0.000000 0.000000 1.000000 
Current Light Matrix: -0.609256 0.493595 -0.620568 0.000000 
Current Light Matrix: -0.596591 0.230167 0.768787 0.000000 
Current Light Matrix: 0.522322 0.838642 0.154249 0.000000 
Current Light Matrix: 0.000000 0.000000 0.000000 1.000000 
Object Scale: 2.799999
Index Ratio: 1.510000
Object Number: 10
Environment Number: 4
Current Misc Matrix: 1.000000 0.000000 0.000000 0.000000
Current Misc Matrix: 0.000000 1.000000 0.000000 0.000000
Current Misc Matrix: 0.000000 0.000000 1.000000 0.000000
Current Misc Matrix: 0.000000 0.000000 0.000000 1.000000
Current Misc Offset: -0.199998 0.800000 -4.200004
Current Zoom Factor: 1.450000
Current Displayed Objects: 0 0 1
Current Viewpoint: 0
