hipip
		m[0]= -0.052130; m[4]= -0.016119; m[8]=  0.998506; m[12]=  0.000000;
		m[1]= -0.051237; m[5]=  0.998587; m[9]=  0.013446; m[13]=  0.000000;
		m[2]= -0.997321; m[6]= -0.050459; m[10]= -0.052882; m[14]= -5.000000;
		m[3]=  0.000000; m[7]=  0.000000; m[11]=  0.000000; m[15]=  1.000000;
		glLoadMatrixd(m);
		list_order = 5;
		sigma = 0.45

foot
m[0]=  0.111419; m[4]=  0.993769; m[8]= -0.003009; m[12]=  0.000000;
m[1]=  0.215783; m[5]= -0.027148; m[9]= -0.976064; m[13]=  0.000000;
m[2]= -0.970064; m[6]=  0.108102; m[10]= -0.217463; m[14]= -5.000000;
m[3]=  0.000000; m[7]=  0.000000; m[11]=  0.000000; m[15]=  1.000000;

matrix for pbuffer image
m[0]=  0.050937; m[4]=  0.942415; m[8]= -0.330544; m[12]=  0.000000;
m[1]=  0.207775; m[5]= -0.333731; m[9]= -0.919485; m[13]=  0.000000;
m[2]= -0.976849; m[6]= -0.021843; m[10]= -0.212810; m[14]= -5.000000;
m[3]=  0.000000; m[7]=  0.000000; m[11]=  0.000000; m[15]=  1.000000;
glLoadMatrixd(m);
list_order = 5;
sigma = 0.2;

ctHead

m[0]= -0.277901; m[4]=  0.955308; m[8]=  0.100788; m[12]=  0.000000;
m[1]= -0.111371; m[5]=  0.072172; m[9]= -0.991155; m[13]=  0.000000;
m[2]= -0.954132; m[6]= -0.286668; m[10]=  0.086337; m[14]= -5.000000;
m[3]=  0.000000; m[7]=  0.000000; m[11]=  0.000000; m[15]=  1.000000;
order = 5;
sigma = 0.2;

uncbrain
m[0]= -0.928414; m[4]= -0.198694; m[8]= -0.313954; m[12]=  0.000000;
m[1]=  0.252985; m[5]= -0.956917; m[9]= -0.142507; m[13]=  0.000000;
m[2]= -0.272112; m[6]= -0.211732; m[10]=  0.938665; m[14]= -5.000000;
m[3]=  0.000000; m[7]=  0.000000; m[11]=  0.000000; m[15]=  1.000000;
order = 0;
